//graph
0 1
0 2
0 3
0 4
0 5
0 6
0 7
0 8
0 9
0 10
0 11
0 12
0 13
0 14
0 15
0 16
0 17
0 18
0 19
0 20
0 21
0 22
0 23
0 24
0 25
0 26
0 27
1 2
1 3
1 4
1 28
1 5
1 6
1 7
1 29
1 30
1 8
1 31
1 9
1 10
1 11
1 12
1 32
1 14
1 15
1 16
1 33
1 17
1 34
1 35
1 36
1 37
1 38
1 19
1 39
1 40
1 20
1 21
1 22
1 23
1 24
1 25
1 41
1 42
1 43
1 26
1 44
1 45
1 27
2 3
2 4
2 46
2 7
2 8
2 9
2 12
2 16
2 35
2 20
2 21
2 23
2 24
2 25
2 47
2 26
2 27
3 4
3 5
3 6
3 7
3 8
3 9
3 10
3 11
3 12
3 32
3 14
3 15
3 16
3 17
3 36
3 19
3 20
3 21
3 23
3 48
3 24
3 25
3 41
3 47
3 43
3 26
3 45
49 50
49 51
49 6
49 11
49 13
49 32
49 52
49 53
49 54
4 7
4 29
4 8
4 9
4 10
4 12
4 55
4 56
4 14
4 16
4 17
4 36
4 37
4 21
4 22
4 23
4 24
4 25
4 41
4 45
57 58
57 29
57 59
57 30
57 60
57 61
57 62
57 63
57 56
57 33
57 64
57 65
57 35
57 66
57 36
57 37
57 38
57 67
57 68
50 51
50 11
50 13
50 69
50 32
50 52
50 53
50 25
50 54
28 46
28 6
28 8
28 10
28 56
28 16
28 70
28 66
28 36
28 37
28 39
28 71
28 24
28 41
28 42
72 73
72 74
72 75
72 55
72 63
72 64
72 76
72 77
72 78
73 79
73 74
73 80
73 81
73 82
73 83
73 84
73 85
73 86
73 87
73 88
73 89
73 90
73 91
73 92
73 93
73 94
51 11
51 13
51 69
51 32
51 52
51 53
51 54
79 74
79 80
79 84
79 88
79 89
79 92
79 94
46 6
46 58
46 75
46 29
46 59
46 30
46 60
46 95
46 55
46 62
46 63
46 56
46 33
46 65
46 36
46 37
46 38
46 96
46 39
46 67
46 24
46 68
46 41
46 42
46 97
46 98
5 9
5 62
5 16
5 36
5 38
5 24
5 42
74 80
74 81
74 82
74 83
74 84
74 85
74 86
74 87
74 88
74 89
74 90
74 91
74 92
74 93
74 94
80 81
80 82
80 83
80 84
80 85
80 86
80 87
80 88
80 89
80 90
80 91
80 92
80 93
80 94
81 82
81 83
81 84
81 85
81 86
81 87
81 89
81 90
81 91
81 92
81 93
81 94
6 7
6 29
6 9
6 10
6 12
6 32
6 56
6 14
6 70
6 36
6 39
6 23
6 24
6 41
6 99
6 78
100 81
100 83
100 84
100 89
100 92
100 94
82 83
82 84
82 85
82 86
82 87
82 89
82 90
82 91
82 92
82 93
82 94
58 75
58 29
58 59
58 60
58 95
58 61
58 62
58 63
58 56
58 33
58 65
58 35
58 36
58 37
58 24
58 68
58 41
75 59
75 30
75 31
75 95
75 55
75 61
75 62
75 63
75 56
75 16
75 33
75 65
75 66
75 76
75 36
75 77
75 38
75 96
75 39
75 67
75 48
75 68
75 101
75 42
75 78
75 97
75 98
83 85
83 86
83 87
83 89
83 90
83 91
83 92
83 93
83 94
84 88
84 91
84 92
84 94
7 29
7 8
7 9
7 10
7 12
7 14
7 16
7 17
7 37
7 23
7 24
7 25
7 26
7 45
85 86
85 87
85 89
85 91
85 92
85 93
85 94
29 30
29 10
29 60
29 12
29 55
29 61
29 62
29 56
29 14
29 16
29 33
29 64
29 65
29 35
29 66
29 76
29 36
29 37
29 38
29 39
29 102
29 22
29 103
29 24
29 68
29 104
29 41
29 42
29 97
29 44
86 87
86 90
87 89
87 90
87 91
87 92
87 93
87 94
59 30
59 60
59 95
59 55
59 61
59 62
59 63
59 33
59 64
59 65
59 35
59 36
59 96
59 67
59 40
59 24
59 68
59 101
59 42
59 98
30 10
30 60
30 12
30 55
30 61
30 62
30 63
30 33
30 35
30 36
30 96
30 67
30 71
30 103
30 24
30 101
30 42
30 98
8 9
8 10
8 12
8 14
8 16
8 34
8 36
8 37
8 20
8 21
8 23
8 24
8 25
8 26
8 45
8 27
31 95
31 63
31 16
31 66
31 39
31 26
31 78
88 89
88 91
88 92
88 94
88 42
9 10
9 12
9 32
9 15
9 16
9 19
9 21
9 23
9 24
9 25
9 26
9 45
10 12
10 61
10 56
10 14
10 16
10 33
10 66
10 36
10 37
10 19
10 39
10 40
10 20
10 21
10 23
10 24
10 25
10 41
10 47
10 42
10 43
10 45
11 13
11 69
11 32
11 16
11 52
11 19
11 53
11 25
11 45
11 54
105 106
105 107
105 108
89 90
89 91
89 92
89 93
89 94
60 55
60 61
60 62
60 63
60 56
60 16
60 33
60 65
60 35
60 76
60 36
60 37
60 96
60 67
60 40
60 71
60 24
60 68
60 41
60 101
60 42
60 98
12 14
12 16
12 17
12 19
12 67
12 20
12 21
12 23
12 24
12 25
12 101
12 43
12 26
95 55
95 62
95 63
95 64
95 65
95 66
95 36
95 96
95 102
95 71
95 48
95 68
95 101
95 42
95 78
95 97
55 61
55 62
55 63
55 56
55 64
55 93
55 65
55 35
55 76
55 36
55 37
55 38
55 96
55 67
55 40
55 102
55 22
55 103
55 48
55 24
55 68
55 41
55 101
55 42
55 97
55 98
13 69
13 32
13 52
13 53
13 54
61 62
61 63
61 16
61 33
61 65
61 36
61 77
61 19
61 96
61 71
61 24
61 68
61 41
62 63
62 56
62 64
62 65
62 35
62 66
62 36
62 38
62 96
62 67
62 102
62 71
62 48
62 24
62 68
62 101
62 42
62 98
63 16
63 33
63 65
63 66
63 76
63 36
63 96
63 67
63 40
63 20
63 21
63 102
63 71
63 48
63 68
63 41
63 101
63 42
63 78
63 97
63 98
90 93
91 92
91 93
69 32
69 54
32 16
32 52
32 53
32 54
56 35
56 66
56 36
56 37
56 18
56 38
56 39
56 40
56 24
56 68
56 104
56 41
56 42
92 93
92 94
14 16
14 33
14 37
14 19
14 21
14 23
14 24
14 25
14 41
14 42
14 43
15 35
15 76
15 36
15 22
15 24
15 25
15 104
15 42
15 44
16 33
16 17
16 34
16 66
16 36
16 37
16 19
16 20
16 21
16 22
16 71
16 23
16 24
16 25
16 41
16 43
16 26
16 45
16 98
33 65
33 36
33 96
33 40
33 24
33 25
33 41
33 101
33 98
17 21
17 24
17 25
64 65
64 66
64 36
64 67
64 40
64 102
64 103
64 48
64 68
64 42
64 97
93 94
70 39
70 99
65 35
65 66
65 76
65 36
65 67
65 40
65 102
65 48
65 24
65 68
65 25
65 101
65 42
65 97
52 53
52 54
34 23
34 25
34 26
35 66
35 76
35 36
35 37
35 67
35 40
35 22
35 71
35 103
35 24
35 68
35 41
35 101
35 97
35 44
66 36
66 37
66 48
66 24
66 68
66 104
66 41
66 42
66 78
76 37
76 38
76 40
76 22
76 24
76 68
76 41
76 42
76 44
36 37
36 18
36 39
36 67
36 40
36 22
36 71
36 103
36 23
36 48
36 24
36 68
36 41
36 42
36 78
36 97
36 44
36 109
36 98
77 40
77 78
37 19
37 39
37 40
37 103
37 23
37 24
37 68
37 25
37 104
37 41
37 42
18 39
18 78
38 40
38 24
38 68
38 104
38 42
38 44
19 21
19 24
19 25
53 54
96 67
96 40
96 102
96 71
96 103
96 48
96 68
96 97
96 98
39 23
39 41
67 71
67 103
67 42
67 98
40 22
40 48
40 24
40 25
40 101
40 78
20 21
20 23
20 25
21 22
21 23
21 24
21 25
21 26
106 107
106 110
106 111
106 108
106 112
102 42
102 97
22 103
22 24
22 68
22 41
22 42
22 26
22 97
22 44
71 41
71 101
103 24
103 41
103 97
107 108
23 24
23 25
23 42
23 26
23 44
23 45
110 111
110 113
110 108
111 108
48 24
48 68
48 101
48 97
48 98
24 68
24 25
24 41
24 42
24 43
24 26
24 97
24 44
24 45
68 41
68 101
68 42
68 78
68 97
25 43
25 26
25 78
25 27
41 42
41 109
113 108
99 78
42 78
42 97
42 44
26 78
26 45
97 44
45 0
45 2
45 12
45 63
45 20
45 21
45 25
